bin	model	supLimit	alpha_div	omega_a	n_boot	alpha_div_lo	alpha_div_hi	omega_a_lo	omega_a_hi	Species
3	full	1	0.945763255157174	0.415506770519252	100	0.895934648580755	0.974416967248372	0.389586726120207	0.432060195635126	Yeast
4	full	1	0.891811461162599	0.331738208600667	100	0.820579154674723	0.946575688943678	0.301634622869459	0.353623352363322	Yeast
6	full	1	0.84228123744129	0.384884417759531	100	0.801594056010057	0.937799519047658	0.361592889917945	0.428323094228848	Yeast
7	full	1	0.84259392712559	0.399612362364245	100	0.829940913732355	0.898305897319436	0.392767079648683	0.432462677576364	Yeast
8	full	1	0.888814307859709	0.443771273669816	100	0.854560083623843	0.955177434173506	0.424811191781967	0.478249722328043	Yeast
10	full	1	0.813601593121236	0.451777707657322	100	0.739583385001633	0.906614911552063	0.410983835838855	0.497720752492981	Yeast
1	del	1	0.0789003603267417	0.0234886841035255	100	0.0762689397882406	0.0830496955896683	0.0224672394736715	0.025045077355675	Yeast
2	del	1	0.194669026088707	0.0643425845888599	100	0.185148699955848	0.208301534717694	0.060472203192956	0.0700080840310132	Yeast
5	del	1	0.386966871213281	0.168100403450658	100	0.336143440501687	0.396434368233522	0.144683271301437	0.174884312407177	Yeast
9	del	1	0.4972218858662	0.263023256940617	100	0.457146075027717	0.49903288242807	0.240774232989376	0.266821064538363	Yeast
11	del	1	0.502966654586135	0.27101436630114	100	0.47740002031606	0.509241131877895	0.254770838647479	0.278066251636248	Yeast
12	del	1	0.53676390968739	0.308729409138257	100	0.505411260968843	0.544189894248111	0.28953054066627	0.31749170025926	Yeast
13	del	1	0.56043586079403	0.338016306999164	100	0.534937056408208	0.566077627012851	0.321514530467512	0.346626344666463	Yeast
14	del	1	0.571176771019319	0.353820457018484	100	0.544729964574556	0.576151877229105	0.33827396344754	0.361510726409411	Yeast
15	del	1	0.653105245189574	0.4013818	100	0.629860186581139	0.657720434359615	0.3819558	0.4097081	Yeast
3	full	1	0.908412488476833	0.0846374844122105	100	0.895093656064729	0.919467097055571	0.0796813118175057	0.0889114769060792	Fruit fly
4	full	1	0.875671586736055	0.0933242481214866	100	0.861407097761478	0.892883670494086	0.088147891839824	0.0993564584115228	Fruit fly
6	full	1	0.814629195645841	0.109013598735039	100	0.790037556327669	0.833990645511076	0.102774496874449	0.113799988882185	Fruit fly
7	full	1	0.790245069689967	0.113009789120283	100	0.769313562252418	0.811892575851102	0.105985456742009	0.118484934999485	Fruit fly
8	full	1	0.774295173570409	0.12235767796534	100	0.755840337670037	0.798673507338004	0.115207165687054	0.131135997957427	Fruit fly
10	full	1	0.721862069582675	0.141724000140856	100	0.686327514318988	0.752662155729358	0.132137093678264	0.151195851513501	Fruit fly
1	del	1	0.710132201353639	0.0337254585624433	100	0.697126905985591	0.719047404087373	0.031466974686044	0.0363224394014199	Fruit fly
2	del	1	0.575446760238037	0.0476895743165982	100	0.562424438636216	0.591211702869521	0.0443723316311809	0.0510580547668482	Fruit fly
5	del	1	0.485232099626738	0.0576190083686422	100	0.467857298652903	0.500576390928218	0.0535140129971079	0.062499052380837	Fruit fly
9	del	1	0.427393490893819	0.0803005032776682	100	0.409640823955018	0.447422965454682	0.0740395345280419	0.0872568978769781	Fruit fly
11	del	1	0.365291372465837	0.0774130804658334	100	0.341200697483911	0.385932897066679	0.070785625116885	0.0850274039291162	Fruit fly
12	del	1	0.342035598039087	0.08152042883206	100	0.321901190609754	0.361237533770244	0.0734949249983181	0.0895651617266195	Fruit fly
13	del	1	0.343996905040262	0.0915415754117381	100	0.323252798810142	0.36814652153101	0.0833283595998334	0.102885676131448	Fruit fly
14	del	1	0.339084251405278	0.111478823454291	100	0.317248907019115	0.361398758605754	0.10066032455813	0.121555655357266	Fruit fly
15	del	1	0.253459973336621	0.106046059641722	100	0.233012090929015	0.279680063763456	0.0942909502113626	0.122010168612334	Fruit fly
2	full	1	0.993240124841606	0.0770154521472769	100	0.992631942062039	0.993472470042729	0.0756104370151062	0.0783689495945726	Mouse
3	full	1	0.988597419720939	0.102054694056682	100	0.984016557745921	0.991518139432231	0.10034426944438	0.103907459391409	Mouse
4	full	1	0.977019482288889	0.122468608893883	100	0.969053692830348	0.982619168773006	0.120456836353918	0.124632286308915	Mouse
5	full	1	0.950643823654532	0.135781811103746	100	0.936559333056628	0.961059713425161	0.132925591561919	0.138300708458652	Mouse
6	full	1	0.888291844037925	0.139392863932517	100	0.864898502145035	0.912221334409351	0.135289738851344	0.143681251413328	Mouse
7	full	1	0.817132293174312	0.131057608565134	100	0.783229919611812	0.849218661194248	0.124669225723727	0.13710422483572	Mouse
8	full	1	0.76481181294693	0.136663075689742	100	0.710296083854176	0.80832846917744	0.126953100423299	0.144887267069584	Mouse
9	full	1	0.636913291898501	0.130061617712474	100	0.603865784592127	0.692388448018037	0.123852889437963	0.140884937214668	Mouse
10	full	1	0.598134213572517	0.13626922647986	100	0.560269939938792	0.641599885743403	0.127027917809495	0.146312053835559	Mouse
11	full	1	0.55138750440833	0.150040652289417	100	0.531652424674309	0.600146197637255	0.14340536563322	0.163293158639298	Mouse
1	del	1	0.122415834158794	0.0118006050578857	100	0.119896983265916	0.1254394141344	0.0114721321175766	0.0121841374152008	Mouse
12	del	1	0.0738583898964413	0.0214530197236356	100	0.0680627885876157	0.0773246029710127	0.0195948339852607	0.0225763756221602	Mouse
13	del	1	0.0918459801874892	0.0327444850203997	100	0.0874687422896791	0.0980863386060257	0.0308270527670288	0.0354244457545644	Mouse
14	del	1	0.132956192135627	0.0589029466497631	100	0.119232056218681	0.137149154294825	0.0527748851137627	0.0613226805292747	Mouse
15	del	1	0.214173668175577	0.118278428447049	100	0.191972823882794	0.417388068970327	0.105076911135014	0.1299236	Mouse
