bin	model	supLimit	alpha_div	omega_a	n_boot	alpha_div_lo	alpha_div_hi	omega_a_lo	omega_a_hi	Species
2	full	1	0.962910808101352	0.398083790562477	100	0.947353745302828	0.982637511313804	0.388287643491978	0.407692892736904	Yeast
4	full	1	0.821338579329339	0.378101416932693	100	0.800409268640148	0.874447429379861	0.367648884776949	0.398824405792205	Yeast
5	full	1	0.857679392805178	0.41112394123037	100	0.823631919176572	0.884252307324278	0.389966076711375	0.425550421940471	Yeast
6	full	1	0.841004495957131	0.43999041367335	100	0.812452806998162	0.895748046999803	0.423454139155275	0.470251594997804	Yeast
7	full	1	0.830386540501576	0.441130953341623	100	0.7923697310588	0.891139178514463	0.420739582478819	0.473481082737556	Yeast
1	del	1	0.0798745781919423	0.0237894388894086	100	0.0773558301958656	0.0825795482257867	0.022813457202828	0.0248868177409812	Yeast
3	del	1	0.296202901422206	0.112482673247277	100	0.242358311371894	0.308601828271646	0.0914172537265962	0.11795901779676	Yeast
8	del	1	0.545098373778026	0.31576856477495	100	0.514404924083989	0.54665219736039	0.297738909525275	0.319866325655041	Yeast
9	del	1	0.551956154894959	0.32903738824408	100	0.530170607873583	0.560052540648164	0.315950350021586	0.337468123037609	Yeast
10	del	1	0.639526562605101	0.3678558	100	0.616106781783128	0.641031198196185	0.3512827	0.3731652	Yeast
2	full	1	0.924230496658674	0.0839999608128288	100	0.914612449532422	0.933779384515564	0.0801748380266441	0.0884255290818287	Fruit fly
4	full	1	0.809343777849906	0.101995895775991	100	0.792271145556524	0.824721825385091	0.0977895557209202	0.106681971296558	Fruit fly
5	full	1	0.794680216742278	0.119405167581954	100	0.775627299791531	0.809598979246808	0.112429732485244	0.124660698611823	Fruit fly
6	full	1	0.756481781434541	0.132452538089028	100	0.738861345327019	0.774359622426549	0.125658760757272	0.138969366015443	Fruit fly
7	full	1	0.70948141561547	0.140489063950626	100	0.689452888817677	0.731165587397	0.133226778285593	0.148631579743393	Fruit fly
1	del	1	0.660247868790884	0.0384924788798476	100	0.652381025630739	0.669689449242251	0.0364412156874481	0.0405938093424425	Fruit fly
3	del	1	0.49499428958434	0.055857676037893	100	0.481240127040465	0.508829733588551	0.0521804410870223	0.059049477951489	Fruit fly
8	del	1	0.356197346587507	0.0829955954802896	100	0.340437919572143	0.376295977548481	0.077729103859345	0.0900145071552898	Fruit fly
9	del	1	0.347283743298275	0.0952269523316194	100	0.326402444129275	0.367987756369282	0.0870030597823878	0.104039650217443	Fruit fly
10	del	1	0.271882698001915	0.10833000016869	100	0.251354839954563	0.28831277314995	0.0977099552634517	0.117516842209588	Fruit fly
2	full	1	0.989705969586126	0.0943385445645826	100	0.98777183008816	0.991604429109881	0.0931837415886919	0.0954493008906829	Mouse
3	full	1	0.971745839239073	0.12632498893871	100	0.96367791612937	0.976290261903046	0.124070404414893	0.128135086500477	Mouse
4	full	1	0.905670712716652	0.138900682235048	100	0.883904400233855	0.922588941604868	0.135186549456429	0.141886599883558	Mouse
5	full	1	0.815195112218061	0.139760471294048	100	0.783118319174175	0.843841486776766	0.134530223777733	0.144760769436146	Mouse
6	full	1	0.661040991208653	0.126454142749781	100	0.618206683689962	0.697482407968491	0.118405971585671	0.133974956742412	Mouse
7	full	1	0.591085796593619	0.140292415996163	100	0.549640910791962	0.621704734651748	0.130184040020813	0.147108426242818	Mouse
8	full	1	0.504060818634212	0.146039600702718	100	0.476937108535024	0.545855416284935	0.137434671805236	0.158675618550572	Mouse
1	del	1	0.123676862277817	0.0111237934674005	100	0.121251215933215	0.125866133404945	0.0108276079996572	0.0113847674841406	Mouse
9	del	1	0.101362536674652	0.0382951465990643	100	0.0976815845328692	0.224058646935929	0.0366432377222136	0.0845543512095653	Mouse
10	del	1	0.169034237281614	0.0878700857433706	100	0.16491172338928	0.191064409990155	0.0852539621418082	0.100433345919627	Mouse
